6817904,7731066,8706090,9742704,10840664,11999825,13220189,14501951,15845524,17251543,18720843,20254410,21853290,23518438,25250502,27049487,28914264,30841767,32825634,34853504,36900390
7923967,8963892,10070017,11241592,12477989,13778783,15143811,16573220,18067483,19627392,21254014,22948613,24712511,26546888,28452475,30429100,32475000,34585716,36752169,38956795,41163965
9054417,10217325,11449358,12749266,14116049,15549046,17047999,18613087,20244935,21944579,23713401,25553011,27465060,29450976,31511565,33646416,35852999,38125195,40450707,42805802,45142120
10198488,11478876,12829886,14249795,15737291,17291560,18912341,20599949,22355252,24179620,26074819,28042855,30085741,32205158,34401955,36675410,39022083,41433936,43894990,46374431,48809200
11346359,12737366,14199132,15729536,17327048,18990809,20720669,22517177,24381537,26315523,28321337,30401416,32558139,34793420,37108109,39501083,41967846,44498202,47072054,49650683,52154550
12489253,13983029,15546475,17177177,18873512,20634697,22460801,24352702,26312018,28340979,30442254,32618717,34873099,37207515,39622746,42117176,44685109,47313961,49979131,52633270,55178800
13619498,15207554,16863135,18583672,20367576,22214261,24124116,26098433,28139293,30249415,32431948,34690188,37027189,39445207,41944886,44524014,47175552,49884320,52620877,55328615,57890620
14730541,16404062,18142104,19942082,21802573,23723298,25705053,27749600,29859524,32038044,34288776,36615412,39021278,41508712,44078137,46726639,49445704,52217368,55007055,57748389,60304081
15816929,17567039,19378001,21247353,23173959,25157941,27200568,29304114,31471682,33706985,36014081,38397016,40859334,43403381,46029272,48733290,51505319,54324443,57150710,59907571,62436595
16874254,18692229,20566902,22496070,24478985,26516244,28609637,30761970,32976862,35258504,37611358,40039772,42547443,45136652,47807116,50554218,53366123,56218819,59066785,61823000,64307387
17899070,19776495,21706149,23686198,25716369,27797788,29932794,32124731,34377720,36696395,39085580,41549868,44093041,46717237,49421695,52200797,55040886,57914736,60771108,63512317,65936382
18888795,20817683,22794153,24816837,26886002,29003339,31171747,33395100,35677996,38025475,40442669,42934356,45504337,48154529,50883608,53684875,56542754,59426708,62279683,64993228,67343435
19841609,21814471,23830208,25887996,27988684,30134550,32329052,34576573,36882156,39251200,41689093,44200739,46789884,49458154,52203588,55018319,57884780,60769049,63608196,66283003,68547813
20756349,22766236,24814326,26900394,29025903,31193722,33407852,35673162,37995098,40379370,42831570,45356661,47958273,50637672,53392183,56212708,59079618,61955556,64771705,67398153,69567861
21632401,23672924,25747084,27855297,29999652,32183601,34411673,36689182,39021938,41415915,43876847,46409701,49017926,51702363,54459561,57279126,60139319,62999320,65784446,68354242,70420814
22469614,24534940,26629499,28754371,30912273,33107228,35344259,37629093,39967855,42366732,44831549,47367217,49976948,52661094,55415373,58228045,61075222,63912613,66659727,69165783,71122695
23268213,25353049,27462917,29599570,31766345,33967812,36209457,38497376,40837969,43237580,45702076,48236257,50843040,53522239,56268689,59069261,61897894,64706840,67409888,69846205,71688287
24028721,26128293,28248923,30393039,32564581,34768637,37011119,39298452,41637260,44034003,46494533,49023490,51623450,54293636,57027959,59811868,62617118,65392532,68046302,70407861,72131150
24751901,26861920,28989270,31137043,33309759,35512991,37753039,40036615,42370520,44761281,47214691,49735185,52324947,54982572,57701008,60464260,63241899,65979367,68579399,70862059,72463662
25438695,27555328,29685820,31833908,34004665,36204115,38438905,40715990,43042306,45424402,47867968,50377189,52953819,55595786,58295050,61034155,63780500,66476205,69018717,71219121,72697091
26090181,28210015,30340492,32485974,34652052,36845165,39072266,41340511,43656930,46028051,48459420,50954934,53515880,56139492,58816715,61528627,64240476,66891138,69372949,71488442,72841658
26707535,28827542,30955230,33095559,35254605,37439181,39656509,41913902,44218444,46576605,48993748,51473447,54016492,56619396,59272075,61954143,64628726,67231540,69650012,71678559,72906622
27291996,29409500,31531973,33664939,35814924,37989078,40194848,42439670,44730641,47074136,49475304,51937363,54460583,57040731,59666688,62316609,64951536,67504125,69857102,71797221,72900357
27844845,29957490,32072631,34196323,36335506,38497626,40690318,42921103,45197057,47524425,49908111,52350954,54852676,57408289,60005630,62621409,65214634,67715001,70000756,71851450,72830427
28367380,30473099,32579069,34691843,36818734,38967449,41145774,43361277,45620980,47930972,50295881,52718145,55196920,57726451,60293533,62873453,65423231,67869719,70086910,71847615,72703659
28860902,30957887,33053097,35153544,37266876,39401024,41563891,43763057,46005463,48297010,50642031,53042539,55497112,57999222,60534627,63077212,65582071,67973329,70120954,71791482,72526213
29326698,31413379,33496460,35583377,37682079,39800682,41947171,44129112,46353333,48625525,50949705,53327443,55756732,58230264,60732769,63236763,65695474,68030420,70107781,71688277,72303646
29766037,31841051,33910831,35983200,38066369,40168606,42297949,44461919,46667207,48919271,51221793,53575891,55978962,58422919,60891480,63355821,65767372,68045169,70051837,71542733,72040967
30180155,32242328,34297810,36354772,38421654,40506845,42618402,44763778,46949502,49180784,51460953,53790666,56166716,58580246,61013974,63437774,65801347,68021374,69957162,71359141,71742694
30570257,32618582,34658921,36699758,38749729,40817311,42910555,45036820,47202455,49412401,51669628,53974318,56322663,58705040,61103186,63485713,65800665,67962497,69827425,71141390,71412901
30937503,32971122,34995610,37019729,39052277,41101791,43176291,45283019,47428128,49616277,51850061,54129188,56449247,58799857,61161800,63502462,65768305,67871689,69665968,70893008,71055261
31283016,33301204,35309251,37316165,39330875,41361951,43417359,45504205,47628428,49794394,52004317,54257426,56548709,58867041,61192268,63490600,65706988,67751826,69475829,70617194,70673090
31607871,33610018,35601141,37590458,39587000,41599345,43635385,45702070,47805115,49948580,52134294,54361003,56623104,58908736,61196838,63452486,65619200,67605532,69259777,70316852,70269376
31913098,33898701,35872507,37843915,39822032,41815421,43831876,45878183,47959814,50080520,52241738,54441734,56674318,58926909,61177568,63390282,65507213,67435202,69020336,69994620,69846818
32199684,34168329,36124506,38077765,40037263,42011525,44008235,46033995,48094028,50191767,52328258,54501287,56704083,58923367,61136346,63305965,65373109,67243027,68759806,69652894,69407850
32468567,34419921,36358227,38293159,40233898,42188914,44165762,46170850,48209145,50283756,52395335,54541194,56713993,58899769,61074904,63201353,65218794,67031010,68480286,69293852,68954668
32720642,34654444,36574699,38491177,40413064,42348756,44305665,46289995,48306449,50357810,52444337,54562872,56705515,58857640,60994836,63078112,65046018,66800987,68183695,68919474,68489257
32956761,34872811,36774887,38672831,40575813,42492139,44429065,46392583,48387127,50415151,52476524,54567622,56680000,58798385,60897607,62937775,64856386,66554640,67871785,68531562,68013407
33177732,35075884,36959700,38839070,40723129,42620076,44537005,46479686,48452279,50456912,52493061,54556648,56638694,58723300,60784565,62781752,64651373,66293508,67546157,68131754,67528735
33384323,35264480,37129994,38990782,40855928,42733512,44630454,46552297,48502926,50484137,52495025,54531062,56582747,58633578,60656956,62611341,64432336,66019008,67208277,67721544,67036701
33577261,35439366,37286570,39128800,40975067,42833327,44710313,46611340,48540011,50497798,52483413,54491890,56513222,58530321,60515925,62427738,64200523,65732438,66859487,67302289,66538620
33757236,35601268,37430186,39253902,41081350,42920341,44777421,46657670,48564412,50498792,52459149,54440085,56431101,58414550,60362534,62232048,63957083,65434993,66501015,66875228,66035684
33924900,35750871,37561549,39366821,41175522,42995319,44832559,46692086,48576943,50487954,52423088,54376528,56337297,58287208,60197761,62025289,63703077,65127771,66133986,66441488,65528964
34080873,35888820,37681328,39468240,41258286,43058974,44876454,46715328,48578361,50466058,52376025,54302036,56232651,58149168,60022514,61808405,63439484,64811782,65759433,66002095,65019429
34225740,36015723,37790149,39558801,41330295,43111975,44909785,46728087,48569370,50433823,52318697,54217367,56117947,58001240,59837632,61582265,63167205,64487956,65378300,65557986,64507951
34360055,36132154,37888601,39639108,41392163,43154942,44933184,46731007,48550625,50391919,52251791,54123228,55993912,57844175,59643893,61347677,62887074,64157149,64991456,65110014,63995317
34484341,36238655,37977239,39709723,41444463,43188459,44947241,46724687,48522739,50340971,52175946,54020273,55861222,57678672,59442020,61105389,62599863,63820152,64599695,64658954,63482236
34599095,36335735,38056583,39771177,41487732,43213070,44952509,46709688,48486280,50281558,52091755,53909113,55720505,57505379,59232683,60856091,62306285,63477691,64203748,64205514,62969344
34704786,36423875,38127125,39823968,41522474,43229284,44949504,46686534,48441781,50214224,51999773,53790318,55572346,57324899,59016504,60600427,62006998,63130438,63804285,63750340,62457214
34801857,36503530,38189325,39868563,41549162,43237579,44938708,46655713,48389738,50139475,51900519,53664417,55417291,57137795,58794064,60338993,61702614,62779012,63401921,63294016,61946363
34890728,36575128,38243618,39905401,41568239,43238401,44920574,46617683,48330616,50057784,51794475,53531907,55255848,56944589,58565901,60072343,61393699,62423984,62997219,62837078,61437250
34971796,36639073,38290413,39934895,41580120,43232172,44895525,46572873,48264851,49969594,51682093,53393249,55088493,56745771,58332516,59800990,61080775,62065881,62590697,62380011,60930291
35045438,36695746,38330095,39957433,41585197,43219284,44863958,46521684,48192848,49875318,51563796,53248876,54915669,56541795,58094377,59525413,60764330,61705190,62182830,61923255,60425853
35112010,36745509,38363028,39973381,41583838,43200108,44826246,46464493,48114991,49775345,51439979,53099192,54737790,56333087,57851919,59246057,60444813,61342359,61774053,61467213,59924268
35171847,36788701,38389555,39983083,41576388,43174990,44782739,46401654,48031637,49670039,51311014,52944577,54555245,56120043,57605549,58963335,60122642,60977803,61364766,61012247,59425829
35225271,36825644,38409999,39986863,41563173,43144258,44733767,46333499,47943123,49559742,51177249,52785386,54368395,55903035,57355646,58677633,59798203,60611906,60955336,60558687,58930796
35272582,36856643,38424665,39985028,41544498,43108220,44679639,46260340,47849764,49444773,51039008,52621952,54177582,55682410,57102563,58389308,59471858,60245019,60546097,60106833,58439401
35314067,36881986,38433842,39977866,41520654,43067165,44620646,46182470,47751857,49325434,50896599,52454585,53983124,55458493,56846631,58098694,59143937,59877469,60137357,59656954,57951846
35349998,36901944,38437802,39965649,41491912,43021366,44557062,46100167,47649682,49202009,50750310,52283581,53785319,55231589,56588158,57806103,58814751,59509556,59729397,59209294,57468311
35380633,36916776,38436802,39948635,41458530,42971081,44489146,46013690,47543501,49074764,50600412,52109214,53584447,55001980,56327432,57511823,58484587,59141559,59322474,58764073,56988952
35406216,36926726,38431087,39927066,41420751,42916553,44417143,45923285,47433564,48943949,50447158,51931743,53380773,54769936,56064723,57216125,58153711,58773732,58916823,58321489,56513903
35426978,36932026,38420886,39901173,41378803,42858012,44341281,45829184,47320103,48809802,50290789,51751410,53174541,54535705,55800283,56919260,57822369,58406312,58512658,57881719,56043282
35443139,36932894,38406419,39871172,41332904,42795673,44261779,45731605,47203339,48672544,50131531,51568446,52965985,54299521,55534348,56621463,57490790,58039515,58110174,57444922,55577189
35454910,36929538,38387891,39837270,41283259,42729743,44178842,45630754,47083479,48532387,49969595,51383065,52755323,54061606,55267137,56322950,57159187,57673541,57709550,57011239,55115708
35462487,36922157,38365500,39799662,41230062,42660415,44092664,45526828,46960721,48389529,49805183,51195470,52542758,53822164,54998857,56023927,56827756,57308575,57310947,56580797,54658908
35466061,36910936,38339430,39758532,41173498,42587872,44003429,45420009,46835250,48244156,49638484,51005853,52328484,53581390,54729700,55724582,56496680,56944784,56914512,56153706,54206849
35465810,36896056,38309860,39714056,41113739,42512289,43911311,45310473,46707241,48096447,49469677,50814393,52112683,53339465,54459846,55425092,56166126,56582325,56520378,55730066,53759575
35461904,36877683,38276955,39666399,41050952,42433831,43816474,45198385,46576861,47946567,49298928,50621259,51895523,53096558,54189465,55125621,55836253,56221339,56128664,55309962,53317121
35454508,36855980,38240875,39615720,40985293,42352652,43719075,45083902,46444266,47794675,49126399,50426613,51677167,52852831,53918714,54826322,55507203,55861958,55739480,54893470,52879514
35443774,36831099,38201772,39562168,40916912,42268903,43619261,44967171,46309606,47640920,48952239,50230604,51457764,52608432,53647740,54527338,55179111,55504299,55352923,54480652,52446771
35429851,36803185,38159789,39505886,40845949,42182723,43517174,44848332,46173021,47485445,48776590,50033376,51237457,52363504,53376682,54228802,54852101,55148473,54969078,54071566,52018900
35412878,36772377,38115062,39447009,40772538,42094246,43412946,44727521,46034645,47328382,48599586,49835061,51016380,52118178,53105668,53930836,54526285,54794579,54588026,53666256,51595904
35392989,36738806,38067723,39385666,40696808,42003598,43306704,44604862,45894605,47169859,48421354,49635788,50794658,51872577,52834820,53633555,54201770,54442707,54209833,53264762,51177778
35370313,36702599,38017894,39321979,40618880,41910901,43198568,44480475,45753019,47009996,48242015,49435676,50572410,51626820,52564249,53337065,53878651,54092940,53834563,52867114,50764512
35344969,36663875,37965695,39256064,40538868,41816269,43088652,44354475,45610003,46848906,48061681,49234838,50349749,51381015,52294061,53041467,53557018,53745352,53462267,52473338,50356091
35317075,36622749,37911236,39188034,40456884,41719812,42977066,44226971,45465665,46686698,47880461,49033380,50126778,51135264,52024355,52746851,53236953,53400010,53092993,52083451,49952494
35286742,36579328,37854627,39117993,40373032,41621632,42863911,44098064,45320106,46523473,47698456,48831403,49903598,50889664,51755221,52453302,52918531,53056975,52726782,51697466,49553696
35254075,36533718,37795968,39046043,40287412,41521830,42749286,43967853,45173424,46359328,47515761,48629002,49680301,50644305,51486747,52160899,52601821,52716301,52363667,51315390,49159670
35219175,36486016,37735358,38972279,40200118,41420499,42633286,43836430,45025712,46194356,47332470,48426267,49456975,50399272,51219012,51869715,52286884,52378037,52003678,50937227,48770383
35182138,36436319,37672889,38896794,40111241,41317729,42515999,43703884,44877058,46028643,47148666,48223284,49233703,50154645,50952089,51579817,51973779,52042226,51646839,50562975,48385802
35143059,36384717,37608651,38819675,40020868,41213605,42397509,43570300,44727545,45862273,46964433,48020131,49010562,49910497,50686050,51291268,51662558,51708906,51293169,50192627,48005887
