70670000000000,86560000000000,104700000000000,125300000000000,148300000000000,173900000000000,202100000000000,233000000000000,266500000000000,302600000000000,341300000000000,382200000000000,425300000000000,470100000000000,516000000000000,562300000000000,607500000000000,649600000000000,685700000000000,710200000000000,714100000000000
97150000000000,118500000000000,142700000000000,169900000000000,200200000000000,233600000000000,270300000000000,310100000000000,353000000000000,398900000000000,447600000000000,499000000000000,552400000000000,607500000000000,663400000000000,718900000000000,772100000000000,820300000000000,859400000000000,882300000000000,877200000000000
129100000000000,156700000000000,187900000000000,222700000000000,261200000000000,303400000000000,349300000000000,398900000000000,451900000000000,508300000000000,567700000000000,629800000000000,693900000000000,759400000000000,825100000000000,889300000000000,949700000000000,1.003e+15,1.043e+15,1.062e+15,1.044e+15
166800000000000,201500000000000,240500000000000,283700000000000,331200000000000,382900000000000,438800000000000,498700000000000,562400000000000,629600000000000,700000000000000,772900000000000,847700000000000,923300000000000,998200000000000,1.07e+15,1.137e+15,1.193e+15,1.233e+15,1.245e+15,1.212e+15
210300000000000,252900000000000,300400000000000,352700000000000,409800000000000,471600000000000,538000000000000,608600000000000,683300000000000,761500000000000,842800000000000,926500000000000,1.012e+15,1.097e+15,1.18e+15,1.259e+15,1.331e+15,1.389e+15,1.425e+15,1.428e+15,1.378e+15
259500000000000,310700000000000,367400000000000,429400000000000,496600000000000,568900000000000,646000000000000,727600000000000,813200000000000,902400000000000,994500000000000,1.089e+15,1.183e+15,1.277e+15,1.368e+15,1.453e+15,1.528e+15,1.586e+15,1.618e+15,1.61e+15,1.539e+15
314600000000000,374900000000000,441200000000000,513300000000000,591000000000000,674000000000000,762000000000000,854500000000000,951000000000000,1.051e+15,1.153e+15,1.257e+15,1.361e+15,1.463e+15,1.56e+15,1.65e+15,1.726e+15,1.782e+15,1.808e+15,1.786e+15,1.693e+15
375200000000000,445100000000000,521400000000000,603900000000000,692200000000000,786000000000000,884800000000000,988100000000000,1.095e+15,1.205e+15,1.317e+15,1.43e+15,1.542e+15,1.651e+15,1.754e+15,1.847e+15,1.924e+15,1.976e+15,1.993e+15,1.957e+15,1.84e+15
441100000000000,520900000000000,607500000000000,700500000000000,799500000000000,904100000000000,1.014e+15,1.127e+15,1.244e+15,1.364e+15,1.486e+15,1.607e+15,1.726e+15,1.841e+15,1.948e+15,2.042e+15,2.118e+15,2.166e+15,2.173e+15,2.12e+15,1.979e+15
512100000000000,602100000000000,699100000000000,802700000000000,912300000000000,1.027e+15,1.147e+15,1.271e+15,1.398e+15,1.527e+15,1.656e+15,1.785e+15,1.91e+15,2.03e+15,2.14e+15,2.235e+15,2.308e+15,2.35e+15,2.346e+15,2.275e+15,2.108e+15
587800000000000,688100000000000,795500000000000,909600000000000,1.03e+15,1.155e+15,1.285e+15,1.418e+15,1.554e+15,1.691e+15,1.828e+15,1.963e+15,2.094e+15,2.217e+15,2.329e+15,2.423e+15,2.493e+15,2.527e+15,2.511e+15,2.422e+15,2.229e+15
667900000000000,778500000000000,896300000000000,1.021e+15,1.151e+15,1.286e+15,1.425e+15,1.567e+15,1.712e+15,1.856e+15,2e+15,2.141e+15,2.276e+15,2.402e+15,2.514e+15,2.607e+15,2.672e+15,2.697e+15,2.667e+15,2.559e+15,2.34e+15
752000000000000,872900000000000,1.001e+15,1.135e+15,1.275e+15,1.42e+15,1.568e+15,1.718e+15,1.87e+15,2.022e+15,2.172e+15,2.317e+15,2.455e+15,2.583e+15,2.695e+15,2.785e+15,2.844e+15,2.86e+15,2.816e+15,2.688e+15,2.443e+15
839700000000000,970700000000000,1.109e+15,1.253e+15,1.402e+15,1.556e+15,1.712e+15,1.87e+15,2.029e+15,2.187e+15,2.341e+15,2.491e+15,2.631e+15,2.76e+15,2.87e+15,2.956e+15,3.009e+15,3.014e+15,2.955e+15,2.808e+15,2.537e+15
930600000000000,1.072e+15,1.219e+15,1.373e+15,1.531e+15,1.693e+15,1.857e+15,2.022e+15,2.187e+15,2.35e+15,2.509e+15,2.661e+15,2.803e+15,2.931e+15,3.04e+15,3.121e+15,3.166e+15,3.16e+15,3.086e+15,2.919e+15,2.623e+15
1.024e+15,1.175e+15,1.332e+15,1.495e+15,1.661e+15,1.831e+15,2.002e+15,2.174e+15,2.344e+15,2.511e+15,2.674e+15,2.828e+15,2.971e+15,3.098e+15,3.203e+15,3.279e+15,3.316e+15,3.299e+15,3.209e+15,3.022e+15,2.7e+15
1.121e+15,1.281e+15,1.447e+15,1.618e+15,1.792e+15,1.969e+15,2.147e+15,2.324e+15,2.499e+15,2.67e+15,2.835e+15,2.991e+15,3.134e+15,3.259e+15,3.36e+15,3.43e+15,3.458e+15,3.429e+15,3.324e+15,3.116e+15,2.771e+15
1.219e+15,1.388e+15,1.563e+15,1.742e+15,1.924e+15,2.107e+15,2.291e+15,2.473e+15,2.652e+15,2.826e+15,2.993e+15,3.149e+15,3.291e+15,3.414e+15,3.511e+15,3.574e+15,3.593e+15,3.551e+15,3.43e+15,3.203e+15,2.834e+15
1.319e+15,1.497e+15,1.68e+15,1.866e+15,2.055e+15,2.244e+15,2.433e+15,2.62e+15,2.802e+15,2.979e+15,3.147e+15,3.303e+15,3.444e+15,3.563e+15,3.655e+15,3.712e+15,3.72e+15,3.666e+15,3.529e+15,3.283e+15,2.891e+15
1.421e+15,1.607e+15,1.798e+15,1.991e+15,2.186e+15,2.381e+15,2.574e+15,2.764e+15,2.95e+15,3.128e+15,3.297e+15,3.452e+15,3.591e+15,3.707e+15,3.793e+15,3.842e+15,3.84e+15,3.773e+15,3.621e+15,3.356e+15,2.941e+15
1.524e+15,1.718e+15,1.916e+15,2.115e+15,2.316e+15,2.516e+15,2.713e+15,2.906e+15,3.094e+15,3.273e+15,3.442e+15,3.596e+15,3.732e+15,3.844e+15,3.925e+15,3.965e+15,3.953e+15,3.874e+15,3.706e+15,3.422e+15,2.986e+15
1.627e+15,1.829e+15,2.033e+15,2.239e+15,2.445e+15,2.649e+15,2.85e+15,3.046e+15,3.235e+15,3.415e+15,3.583e+15,3.736e+15,3.868e+15,3.976e+15,4.05e+15,4.082e+15,4.06e+15,3.967e+15,3.784e+15,3.482e+15,3.026e+15
1.732e+15,1.94e+15,2.151e+15,2.362e+15,2.572e+15,2.78e+15,2.984e+15,3.182e+15,3.372e+15,3.552e+15,3.719e+15,3.87e+15,3.999e+15,4.101e+15,4.169e+15,4.192e+15,4.16e+15,4.054e+15,3.855e+15,3.536e+15,3.061e+15
1.836e+15,2.051e+15,2.268e+15,2.484e+15,2.698e+15,2.91e+15,3.116e+15,3.315e+15,3.506e+15,3.686e+15,3.851e+15,3.999e+15,4.124e+15,4.221e+15,4.282e+15,4.297e+15,4.253e+15,4.135e+15,3.921e+15,3.584e+15,3.091e+15
1.941e+15,2.162e+15,2.384e+15,2.604e+15,2.823e+15,3.037e+15,3.245e+15,3.445e+15,3.636e+15,3.815e+15,3.979e+15,4.123e+15,4.244e+15,4.335e+15,4.389e+15,4.395e+15,4.341e+15,4.21e+15,3.981e+15,3.628e+15,3.117e+15
2.045e+15,2.272e+15,2.499e+15,2.724e+15,2.945e+15,3.161e+15,3.371e+15,3.572e+15,3.763e+15,3.94e+15,4.102e+15,4.243e+15,4.359e+15,4.444e+15,4.49e+15,4.487e+15,4.422e+15,4.279e+15,4.036e+15,3.667e+15,3.139e+15
2.149e+15,2.382e+15,2.613e+15,2.841e+15,3.065e+15,3.283e+15,3.494e+15,3.695e+15,3.885e+15,4.061e+15,4.22e+15,4.358e+15,4.469e+15,4.548e+15,4.586e+15,4.574e+15,4.498e+15,4.343e+15,4.086e+15,3.701e+15,3.157e+15
2.253e+15,2.49e+15,2.725e+15,2.957e+15,3.183e+15,3.403e+15,3.614e+15,3.815e+15,4.004e+15,4.178e+15,4.334e+15,4.467e+15,4.574e+15,4.646e+15,4.677e+15,4.656e+15,4.569e+15,4.401e+15,4.131e+15,3.732e+15,3.172e+15
2.356e+15,2.598e+15,2.836e+15,3.07e+15,3.299e+15,3.519e+15,3.731e+15,3.932e+15,4.119e+15,4.291e+15,4.443e+15,4.573e+15,4.674e+15,4.74e+15,4.763e+15,4.732e+15,4.635e+15,4.455e+15,4.171e+15,3.758e+15,3.184e+15
2.459e+15,2.704e+15,2.946e+15,3.182e+15,3.412e+15,3.633e+15,3.845e+15,4.045e+15,4.231e+15,4.4e+15,4.549e+15,4.674e+15,4.769e+15,4.828e+15,4.844e+15,4.804e+15,4.696e+15,4.505e+15,4.208e+15,3.781e+15,3.194e+15
2.56e+15,2.809e+15,3.053e+15,3.292e+15,3.523e+15,3.745e+15,3.956e+15,4.154e+15,4.338e+15,4.504e+15,4.65e+15,4.77e+15,4.86e+15,4.912e+15,4.92e+15,4.871e+15,4.753e+15,4.55e+15,4.24e+15,3.8e+15,3.2e+15
2.66e+15,2.912e+15,3.159e+15,3.399e+15,3.631e+15,3.853e+15,4.063e+15,4.261e+15,4.442e+15,4.605e+15,4.747e+15,4.862e+15,4.946e+15,4.992e+15,4.991e+15,4.933e+15,4.805e+15,4.591e+15,4.269e+15,3.817e+15,3.205e+15
2.759e+15,3.015e+15,3.263e+15,3.505e+15,3.737e+15,3.959e+15,4.168e+15,4.363e+15,4.542e+15,4.702e+15,4.84e+15,4.95e+15,5.028e+15,5.067e+15,5.058e+15,4.992e+15,4.854e+15,4.628e+15,4.295e+15,3.83e+15,3.207e+15
2.857e+15,3.115e+15,3.366e+15,3.608e+15,3.84e+15,4.061e+15,4.27e+15,4.463e+15,4.639e+15,4.796e+15,4.929e+15,5.034e+15,5.106e+15,5.138e+15,5.122e+15,5.046e+15,4.898e+15,4.661e+15,4.317e+15,3.841e+15,3.207e+15
2.954e+15,3.214e+15,3.466e+15,3.709e+15,3.941e+15,4.161e+15,4.368e+15,4.559e+15,4.733e+15,4.885e+15,5.014e+15,5.114e+15,5.18e+15,5.205e+15,5.181e+15,5.096e+15,4.938e+15,4.692e+15,4.336e+15,3.85e+15,3.206e+15
3.049e+15,3.311e+15,3.564e+15,3.807e+15,4.039e+15,4.258e+15,4.463e+15,4.652e+15,4.823e+15,4.972e+15,5.096e+15,5.19e+15,5.25e+15,5.268e+15,5.236e+15,5.143e+15,4.976e+15,4.719e+15,4.353e+15,3.856e+15,3.202e+15
3.143e+15,3.406e+15,3.66e+15,3.904e+15,4.135e+15,4.353e+15,4.556e+15,4.742e+15,4.909e+15,5.054e+15,5.174e+15,5.263e+15,5.317e+15,5.328e+15,5.288e+15,5.186e+15,5.01e+15,4.743e+15,4.367e+15,3.86e+15,3.197e+15
3.236e+15,3.5e+15,3.755e+15,3.998e+15,4.228e+15,4.444e+15,4.645e+15,4.829e+15,4.992e+15,5.134e+15,5.248e+15,5.332e+15,5.38e+15,5.384e+15,5.336e+15,5.226e+15,5.04e+15,4.764e+15,4.378e+15,3.862e+15,3.191e+15
3.327e+15,3.592e+15,3.847e+15,4.089e+15,4.319e+15,4.533e+15,4.732e+15,4.912e+15,5.073e+15,5.21e+15,5.319e+15,5.398e+15,5.439e+15,5.436e+15,5.381e+15,5.262e+15,5.068e+15,4.782e+15,4.387e+15,3.862e+15,3.184e+15
3.416e+15,3.682e+15,3.937e+15,4.179e+15,4.407e+15,4.62e+15,4.816e+15,4.993e+15,5.15e+15,5.282e+15,5.387e+15,5.46e+15,5.496e+15,5.486e+15,5.423e+15,5.296e+15,5.093e+15,4.798e+15,4.394e+15,3.86e+15,3.175e+15
3.504e+15,3.77e+15,4.025e+15,4.266e+15,4.492e+15,4.703e+15,4.897e+15,5.071e+15,5.224e+15,5.352e+15,5.452e+15,5.52e+15,5.549e+15,5.532e+15,5.462e+15,5.327e+15,5.115e+15,4.812e+15,4.399e+15,3.857e+15,3.166e+15
3.59e+15,3.856e+15,4.11e+15,4.35e+15,4.575e+15,4.784e+15,4.975e+15,5.146e+15,5.295e+15,5.419e+15,5.514e+15,5.576e+15,5.599e+15,5.575e+15,5.498e+15,5.355e+15,5.135e+15,4.823e+15,4.402e+15,3.853e+15,3.155e+15
3.674e+15,3.941e+15,4.194e+15,4.433e+15,4.656e+15,4.863e+15,5.05e+15,5.218e+15,5.363e+15,5.483e+15,5.573e+15,5.629e+15,5.646e+15,5.616e+15,5.531e+15,5.38e+15,5.153e+15,4.832e+15,4.403e+15,3.847e+15,3.144e+15
3.757e+15,4.024e+15,4.276e+15,4.513e+15,4.735e+15,4.939e+15,5.123e+15,5.288e+15,5.429e+15,5.544e+15,5.629e+15,5.68e+15,5.69e+15,5.654e+15,5.561e+15,5.404e+15,5.168e+15,4.84e+15,4.403e+15,3.84e+15,3.131e+15
3.838e+15,4.104e+15,4.356e+15,4.592e+15,4.811e+15,5.012e+15,5.194e+15,5.355e+15,5.492e+15,5.602e+15,5.682e+15,5.727e+15,5.732e+15,5.689e+15,5.59e+15,5.424e+15,5.181e+15,4.845e+15,4.401e+15,3.832e+15,3.118e+15
3.917e+15,4.183e+15,4.433e+15,4.668e+15,4.885e+15,5.083e+15,5.262e+15,5.419e+15,5.552e+15,5.658e+15,5.733e+15,5.772e+15,5.771e+15,5.721e+15,5.615e+15,5.443e+15,5.192e+15,4.849e+15,4.398e+15,3.822e+15,3.105e+15
3.995e+15,4.26e+15,4.509e+15,4.741e+15,4.956e+15,5.152e+15,5.327e+15,5.481e+15,5.61e+15,5.711e+15,5.781e+15,5.815e+15,5.808e+15,5.752e+15,5.639e+15,5.459e+15,5.201e+15,4.851e+15,4.393e+15,3.812e+15,3.09e+15
4.071e+15,4.335e+15,4.583e+15,4.813e+15,5.025e+15,5.218e+15,5.391e+15,5.54e+15,5.665e+15,5.762e+15,5.827e+15,5.855e+15,5.842e+15,5.779e+15,5.66e+15,5.473e+15,5.208e+15,4.851e+15,4.387e+15,3.801e+15,3.076e+15
4.146e+15,4.409e+15,4.655e+15,4.883e+15,5.093e+15,5.283e+15,5.451e+15,5.597e+15,5.718e+15,5.81e+15,5.87e+15,5.893e+15,5.874e+15,5.805e+15,5.679e+15,5.486e+15,5.214e+15,4.85e+15,4.38e+15,3.789e+15,3.06e+15
4.219e+15,4.48e+15,4.725e+15,4.951e+15,5.158e+15,5.345e+15,5.51e+15,5.652e+15,5.768e+15,5.856e+15,5.911e+15,5.929e+15,5.904e+15,5.829e+15,5.696e+15,5.496e+15,5.218e+15,4.848e+15,4.372e+15,3.776e+15,3.045e+15
4.29e+15,4.55e+15,4.793e+15,5.016e+15,5.221e+15,5.405e+15,5.566e+15,5.705e+15,5.817e+15,5.9e+15,5.95e+15,5.962e+15,5.931e+15,5.85e+15,5.712e+15,5.505e+15,5.221e+15,4.844e+15,4.363e+15,3.763e+15,3.029e+15
4.36e+15,4.618e+15,4.859e+15,5.08e+15,5.282e+15,5.462e+15,5.621e+15,5.755e+15,5.863e+15,5.941e+15,5.986e+15,5.993e+15,5.957e+15,5.87e+15,5.725e+15,5.513e+15,5.222e+15,4.84e+15,4.353e+15,3.748e+15,3.012e+15
4.428e+15,4.685e+15,4.923e+15,5.142e+15,5.341e+15,5.518e+15,5.673e+15,5.803e+15,5.907e+15,5.981e+15,6.021e+15,6.023e+15,5.981e+15,5.888e+15,5.737e+15,5.519e+15,5.221e+15,4.834e+15,4.342e+15,3.734e+15,2.996e+15
4.494e+15,4.749e+15,4.986e+15,5.202e+15,5.398e+15,5.572e+15,5.723e+15,5.85e+15,5.949e+15,6.018e+15,6.053e+15,6.05e+15,6.002e+15,5.904e+15,5.747e+15,5.523e+15,5.22e+15,4.827e+15,4.331e+15,3.719e+15,2.979e+15
4.559e+15,4.812e+15,5.046e+15,5.26e+15,5.453e+15,5.624e+15,5.771e+15,5.894e+15,5.989e+15,6.054e+15,6.084e+15,6.075e+15,6.023e+15,5.919e+15,5.756e+15,5.526e+15,5.217e+15,4.819e+15,4.318e+15,3.703e+15,2.962e+15
4.622e+15,4.874e+15,5.105e+15,5.316e+15,5.506e+15,5.674e+15,5.818e+15,5.936e+15,6.027e+15,6.087e+15,6.113e+15,6.099e+15,6.041e+15,5.932e+15,5.763e+15,5.527e+15,5.213e+15,4.81e+15,4.305e+15,3.687e+15,2.945e+15
4.684e+15,4.933e+15,5.163e+15,5.371e+15,5.558e+15,5.722e+15,5.862e+15,5.977e+15,6.064e+15,6.119e+15,6.14e+15,6.121e+15,6.058e+15,5.943e+15,5.769e+15,5.528e+15,5.208e+15,4.8e+15,4.292e+15,3.67e+15,2.927e+15
4.744e+15,4.991e+15,5.218e+15,5.424e+15,5.607e+15,5.768e+15,5.905e+15,6.016e+15,6.098e+15,6.149e+15,6.165e+15,6.142e+15,6.073e+15,5.953e+15,5.774e+15,5.527e+15,5.203e+15,4.79e+15,4.277e+15,3.654e+15,2.91e+15
4.802e+15,5.048e+15,5.272e+15,5.475e+15,5.655e+15,5.813e+15,5.946e+15,6.053e+15,6.131e+15,6.178e+15,6.189e+15,6.16e+15,6.087e+15,5.961e+15,5.777e+15,5.525e+15,5.196e+15,4.779e+15,4.262e+15,3.636e+15,2.892e+15
4.86e+15,5.103e+15,5.324e+15,5.524e+15,5.702e+15,5.856e+15,5.985e+15,6.088e+15,6.162e+15,6.204e+15,6.211e+15,6.178e+15,6.099e+15,5.968e+15,5.779e+15,5.522e+15,5.188e+15,4.767e+15,4.247e+15,3.619e+15,2.874e+15
4.915e+15,5.156e+15,5.375e+15,5.572e+15,5.746e+15,5.897e+15,6.023e+15,6.122e+15,6.192e+15,6.229e+15,6.232e+15,6.193e+15,6.11e+15,5.974e+15,5.78e+15,5.518e+15,5.179e+15,4.754e+15,4.231e+15,3.601e+15,2.856e+15
4.97e+15,5.208e+15,5.424e+15,5.618e+15,5.789e+15,5.937e+15,6.059e+15,6.154e+15,6.22e+15,6.253e+15,6.251e+15,6.208e+15,6.119e+15,5.979e+15,5.78e+15,5.513e+15,5.17e+15,4.741e+15,4.215e+15,3.583e+15,2.838e+15
5.023e+15,5.259e+15,5.472e+15,5.663e+15,5.831e+15,5.975e+15,6.093e+15,6.184e+15,6.246e+15,6.275e+15,6.268e+15,6.221e+15,6.128e+15,5.982e+15,5.778e+15,5.507e+15,5.16e+15,4.727e+15,4.198e+15,3.565e+15,2.82e+15
5.074e+15,5.308e+15,5.518e+15,5.706e+15,5.871e+15,6.011e+15,6.126e+15,6.213e+15,6.271e+15,6.296e+15,6.285e+15,6.233e+15,6.135e+15,5.985e+15,5.776e+15,5.5e+15,5.149e+15,4.713e+15,4.181e+15,3.547e+15,2.802e+15
5.124e+15,5.355e+15,5.563e+15,5.748e+15,5.91e+15,6.046e+15,6.157e+15,6.241e+15,6.295e+15,6.315e+15,6.3e+15,6.243e+15,6.141e+15,5.986e+15,5.773e+15,5.493e+15,5.137e+15,4.698e+15,4.164e+15,3.528e+15,2.785e+15
5.173e+15,5.401e+15,5.607e+15,5.789e+15,5.947e+15,6.08e+15,6.188e+15,6.267e+15,6.317e+15,6.333e+15,6.313e+15,6.252e+15,6.145e+15,5.986e+15,5.769e+15,5.484e+15,5.125e+15,4.682e+15,4.147e+15,3.51e+15,2.767e+15
5.22e+15,5.446e+15,5.649e+15,5.828e+15,5.982e+15,6.112e+15,6.216e+15,6.292e+15,6.338e+15,6.35e+15,6.326e+15,6.261e+15,6.149e+15,5.986e+15,5.764e+15,5.475e+15,5.113e+15,4.667e+15,4.129e+15,3.491e+15,2.749e+15
5.267e+15,5.49e+15,5.689e+15,5.865e+15,6.017e+15,6.143e+15,6.243e+15,6.316e+15,6.357e+15,6.366e+15,6.337e+15,6.268e+15,6.152e+15,5.984e+15,5.758e+15,5.466e+15,5.099e+15,4.651e+15,4.111e+15,3.472e+15,2.731e+15
5.312e+15,5.532e+15,5.729e+15,5.901e+15,6.05e+15,6.173e+15,6.269e+15,6.338e+15,6.376e+15,6.38e+15,6.347e+15,6.274e+15,6.154e+15,5.982e+15,5.751e+15,5.455e+15,5.086e+15,4.634e+15,4.092e+15,3.453e+15,2.713e+15
5.355e+15,5.573e+15,5.767e+15,5.936e+15,6.081e+15,6.201e+15,6.294e+15,6.359e+15,6.393e+15,6.393e+15,6.357e+15,6.279e+15,6.154e+15,5.978e+15,5.744e+15,5.444e+15,5.072e+15,4.617e+15,4.074e+15,3.434e+15,2.695e+15
5.398e+15,5.613e+15,5.804e+15,5.97e+15,6.112e+15,6.228e+15,6.318e+15,6.379e+15,6.409e+15,6.405e+15,6.365e+15,6.283e+15,6.154e+15,5.974e+15,5.736e+15,5.433e+15,5.057e+15,4.6e+15,4.055e+15,3.416e+15,2.678e+15
5.439e+15,5.651e+15,5.839e+15,6.003e+15,6.141e+15,6.254e+15,6.34e+15,6.397e+15,6.424e+15,6.416e+15,6.372e+15,6.286e+15,6.153e+15,5.97e+15,5.728e+15,5.421e+15,5.042e+15,4.583e+15,4.036e+15,3.397e+15,2.66e+15
5.479e+15,5.689e+15,5.874e+15,6.034e+15,6.169e+15,6.279e+15,6.361e+15,6.415e+15,6.438e+15,6.426e+15,6.378e+15,6.288e+15,6.152e+15,5.964e+15,5.718e+15,5.408e+15,5.026e+15,4.565e+15,4.018e+15,3.378e+15,2.643e+15
5.518e+15,5.725e+15,5.907e+15,6.064e+15,6.196e+15,6.302e+15,6.381e+15,6.431e+15,6.45e+15,6.435e+15,6.383e+15,6.289e+15,6.149e+15,5.958e+15,5.709e+15,5.395e+15,5.011e+15,4.547e+15,3.998e+15,3.359e+15,2.625e+15
5.556e+15,5.76e+15,5.939e+15,6.093e+15,6.222e+15,6.325e+15,6.4e+15,6.447e+15,6.462e+15,6.443e+15,6.387e+15,6.29e+15,6.146e+15,5.951e+15,5.698e+15,5.382e+15,4.994e+15,4.529e+15,3.979e+15,3.34e+15,2.608e+15
5.593e+15,5.794e+15,5.97e+15,6.121e+15,6.246e+15,6.346e+15,6.418e+15,6.461e+15,6.473e+15,6.45e+15,6.391e+15,6.289e+15,6.142e+15,5.943e+15,5.687e+15,5.368e+15,4.978e+15,4.511e+15,3.96e+15,3.321e+15,2.591e+15
5.628e+15,5.826e+15,6e+15,6.148e+15,6.27e+15,6.366e+15,6.435e+15,6.475e+15,6.483e+15,6.457e+15,6.393e+15,6.288e+15,6.137e+15,5.935e+15,5.676e+15,5.353e+15,4.961e+15,4.492e+15,3.941e+15,3.302e+15,2.573e+15
5.663e+15,5.858e+15,6.028e+15,6.173e+15,6.293e+15,6.385e+15,6.451e+15,6.487e+15,6.492e+15,6.462e+15,6.395e+15,6.286e+15,6.132e+15,5.926e+15,5.664e+15,5.339e+15,4.944e+15,4.474e+15,3.921e+15,3.283e+15,2.556e+15
5.696e+15,5.889e+15,6.056e+15,6.198e+15,6.314e+15,6.404e+15,6.466e+15,6.498e+15,6.5e+15,6.467e+15,6.396e+15,6.284e+15,6.126e+15,5.917e+15,5.652e+15,5.324e+15,4.927e+15,4.455e+15,3.902e+15,3.264e+15,2.539e+15
5.729e+15,5.919e+15,6.083e+15,6.222e+15,6.335e+15,6.421e+15,6.48e+15,6.509e+15,6.507e+15,6.47e+15,6.396e+15,6.281e+15,6.119e+15,5.907e+15,5.639e+15,5.308e+15,4.909e+15,4.436e+15,3.883e+15,3.245e+15,2.523e+15
5.76e+15,5.947e+15,6.108e+15,6.244e+15,6.354e+15,6.437e+15,6.493e+15,6.519e+15,6.513e+15,6.473e+15,6.396e+15,6.277e+15,6.112e+15,5.897e+15,5.626e+15,5.293e+15,4.892e+15,4.417e+15,3.863e+15,3.226e+15,2.506e+15
