0.0008104,0.0007503,0.0006984,0.0006533,0.000614,0.0005796,0.0005494,0.0005228,0.0004994,0.0004788,0.0004608,0.0004451,0.0004316,0.0004202,0.000411,0.0004041,0.0003998,0.0003988,0.0004021,0.0004122,0.000434
0.0006851,0.0006356,0.0005929,0.0005559,0.0005236,0.0004954,0.0004707,0.000449,0.00043,0.0004133,0.0003988,0.0003863,0.0003758,0.000367,0.0003603,0.0003556,0.0003533,0.0003542,0.0003592,0.0003709,0.0003942
0.0005891,0.0005476,0.0005119,0.0004809,0.000454,0.0004305,0.0004099,0.000392,0.0003763,0.0003627,0.0003509,0.0003408,0.0003325,0.0003258,0.0003208,0.0003178,0.0003171,0.0003194,0.0003258,0.0003387,0.0003631
0.0005137,0.0004785,0.0004481,0.0004219,0.0003992,0.0003793,0.0003621,0.000347,0.0003339,0.0003226,0.0003129,0.0003048,0.0002981,0.000293,0.0002895,0.0002878,0.0002883,0.0002917,0.0002991,0.0003129,0.0003382
0.0004533,0.0004231,0.0003971,0.0003746,0.0003551,0.0003382,0.0003235,0.0003108,0.0002997,0.0002903,0.0002823,0.0002756,0.0002704,0.0002665,0.0002641,0.0002635,0.0002649,0.0002692,0.0002774,0.000292,0.000318
0.0004042,0.000378,0.0003555,0.000336,0.0003192,0.0003047,0.0002921,0.0002811,0.0002718,0.0002638,0.0002571,0.0002517,0.0002475,0.0002447,0.0002432,0.0002434,0.0002457,0.0002506,0.0002595,0.0002747,0.0003012
0.0003637,0.0003408,0.0003211,0.0003041,0.0002895,0.0002769,0.000266,0.0002566,0.0002486,0.0002418,0.0002362,0.0002318,0.0002285,0.0002265,0.0002258,0.0002267,0.0002296,0.0002351,0.0002445,0.0002602,0.0002872
0.0003298,0.0003096,0.0002923,0.0002774,0.0002646,0.0002535,0.000244,0.0002359,0.000229,0.0002233,0.0002186,0.000215,0.0002125,0.0002112,0.0002111,0.0002125,0.0002159,0.0002219,0.0002318,0.0002479,0.0002753
0.0003012,0.0002833,0.0002679,0.0002548,0.0002435,0.0002338,0.0002254,0.0002184,0.0002124,0.0002075,0.0002036,0.0002007,0.0001989,0.0001981,0.0001985,0.0002004,0.0002043,0.0002107,0.0002209,0.0002374,0.0002651
0.0002768,0.0002608,0.0002471,0.0002354,0.0002254,0.0002168,0.0002095,0.0002033,0.0001982,0.000194,0.0001908,0.0001884,0.0001871,0.0001868,0.0001877,0.00019,0.0001942,0.000201,0.0002115,0.0002282,0.0002562
0.0002558,0.0002414,0.0002292,0.0002187,0.0002098,0.0002022,0.0001957,0.0001903,0.0001859,0.0001823,0.0001796,0.0001778,0.0001769,0.000177,0.0001782,0.0001809,0.0001855,0.0001925,0.0002033,0.0002203,0.0002485
0.0002376,0.0002246,0.0002136,0.0002042,0.0001962,0.0001894,0.0001837,0.000179,0.0001751,0.0001721,0.0001698,0.0001685,0.0001679,0.0001684,0.00017,0.000173,0.0001778,0.0001851,0.0001961,0.0002133,0.0002417
0.0002216,0.0002099,0.0002,0.0001915,0.0001844,0.0001783,0.0001732,0.000169,0.0001656,0.0001631,0.0001613,0.0001602,0.0001601,0.0001608,0.0001627,0.000166,0.000171,0.0001785,0.0001898,0.0002071,0.0002357
0.0002076,0.000197,0.000188,0.0001803,0.0001739,0.0001684,0.0001639,0.0001602,0.0001573,0.0001551,0.0001537,0.000153,0.0001531,0.0001541,0.0001563,0.0001597,0.000165,0.0001727,0.0001841,0.0002016,0.0002304
0.0001953,0.0001856,0.0001774,0.0001704,0.0001646,0.0001597,0.0001557,0.0001524,0.0001499,0.000148,0.0001469,0.0001465,0.0001469,0.0001482,0.0001505,0.0001542,0.0001596,0.0001674,0.000179,0.0001967,0.0002256
0.0001842,0.0001754,0.0001679,0.0001616,0.0001563,0.0001519,0.0001483,0.0001454,0.0001432,0.0001417,0.0001409,0.0001407,0.0001413,0.0001428,0.0001453,0.0001492,0.0001547,0.0001628,0.0001745,0.0001923,0.0002212
0.0001744,0.0001663,0.0001594,0.0001537,0.0001489,0.0001449,0.0001417,0.0001391,0.0001373,0.000136,0.0001354,0.0001355,0.0001363,0.000138,0.0001407,0.0001446,0.0001504,0.0001585,0.0001704,0.0001883,0.0002173
0.0001656,0.0001581,0.0001518,0.0001466,0.0001422,0.0001386,0.0001357,0.0001335,0.0001319,0.0001309,0.0001305,0.0001308,0.0001318,0.0001336,0.0001364,0.0001406,0.0001464,0.0001547,0.0001666,0.0001846,0.0002138
0.0001576,0.0001507,0.0001449,0.0001401,0.0001362,0.0001329,0.0001303,0.0001284,0.000127,0.0001262,0.000126,0.0001265,0.0001276,0.0001296,0.0001326,0.0001368,0.0001428,0.0001512,0.0001632,0.0001813,0.0002106
0.0001504,0.000144,0.0001387,0.0001343,0.0001307,0.0001277,0.0001254,0.0001237,0.0001226,0.000122,0.000122,0.0001226,0.0001239,0.000126,0.0001291,0.0001335,0.0001395,0.000148,0.0001601,0.0001783,0.0002076
0.0001438,0.0001379,0.0001331,0.000129,0.0001257,0.000123,0.000121,0.0001195,0.0001185,0.0001181,0.0001183,0.000119,0.0001204,0.0001227,0.0001259,0.0001303,0.0001365,0.000145,0.0001573,0.0001755,0.0002049
0.0001379,0.0001324,0.0001279,0.0001242,0.0001211,0.0001187,0.0001169,0.0001156,0.0001148,0.0001146,0.0001149,0.0001157,0.0001173,0.0001196,0.0001229,0.0001275,0.0001337,0.0001424,0.0001546,0.0001729,0.0002024
0.0001324,0.0001273,0.0001232,0.0001197,0.000117,0.0001148,0.0001131,0.000112,0.0001114,0.0001113,0.0001117,0.0001127,0.0001144,0.0001168,0.0001202,0.0001249,0.0001312,0.0001399,0.0001522,0.0001706,0.0002001
0.0001274,0.0001227,0.0001188,0.0001156,0.0001131,0.0001111,0.0001097,0.0001087,0.0001083,0.0001083,0.0001089,0.00011,0.0001117,0.0001142,0.0001177,0.0001224,0.0001288,0.0001376,0.00015,0.0001684,0.0001979
0.0001228,0.0001184,0.0001148,0.0001119,0.0001096,0.0001078,0.0001065,0.0001057,0.0001054,0.0001055,0.0001062,0.0001074,0.0001092,0.0001118,0.0001154,0.0001202,0.0001266,0.0001354,0.0001479,0.0001664,0.000196
0.0001185,0.0001145,0.0001111,0.0001084,0.0001063,0.0001047,0.0001036,0.0001029,0.0001027,0.000103,0.0001037,0.000105,0.0001069,0.0001096,0.0001132,0.0001181,0.0001246,0.0001334,0.0001459,0.0001645,0.0001941
0.0001146,0.0001108,0.0001077,0.0001052,0.0001033,0.0001018,0.0001008,0.0001003,0.0001002,0.0001006,0.0001014,0.0001028,0.0001048,0.0001076,0.0001112,0.0001161,0.0001227,0.0001316,0.0001441,0.0001627,0.0001924
0.000111,0.0001074,0.0001045,0.0001022,0.0001005,9.916e-05,9.831e-05,9.789e-05,9.79e-05,9.835e-05,9.928e-05,0.0001007,0.0001028,0.0001056,0.0001094,0.0001143,0.0001209,0.0001299,0.0001425,0.000161,0.0001908
0.0001076,0.0001043,0.0001016,9.946e-05,9.784e-05,9.668e-05,9.595e-05,9.564e-05,9.574e-05,9.628e-05,9.728e-05,9.881e-05,0.0001009,0.0001038,0.0001076,0.0001126,0.0001192,0.0001283,0.0001409,0.0001595,0.0001893
0.0001044,0.0001013,9.884e-05,9.688e-05,9.54e-05,9.437e-05,9.375e-05,9.353e-05,9.372e-05,9.434e-05,9.542e-05,9.701e-05,9.92e-05,0.0001021,0.000106,0.000111,0.0001177,0.0001267,0.0001394,0.0001581,0.0001878
0.0001015,9.86e-05,9.627e-05,9.447e-05,9.312e-05,9.22e-05,9.168e-05,9.156e-05,9.184e-05,9.253e-05,9.367e-05,9.532e-05,9.757e-05,0.0001005,0.0001044,0.0001095,0.0001162,0.0001253,0.000138,0.0001567,0.0001865
9.878e-05,9.605e-05,9.388e-05,9.221e-05,9.099e-05,9.017e-05,8.975e-05,8.971e-05,9.006e-05,9.082e-05,9.203e-05,9.374e-05,9.604e-05,9.906e-05,0.000103,0.0001081,0.0001149,0.000124,0.0001367,0.0001554,0.0001852
9.622e-05,9.365e-05,9.164e-05,9.009e-05,8.898e-05,8.827e-05,8.794e-05,8.798e-05,8.84e-05,8.922e-05,9.049e-05,9.225e-05,9.459e-05,9.766e-05,0.0001016,0.0001068,0.0001136,0.0001227,0.0001355,0.0001542,0.0001841
9.381e-05,9.141e-05,8.953e-05,8.811e-05,8.711e-05,8.649e-05,8.624e-05,8.635e-05,8.684e-05,8.772e-05,8.903e-05,9.084e-05,9.323e-05,9.634e-05,0.0001003,0.0001055,0.0001123,0.0001215,0.0001343,0.0001531,0.0001829
9.156e-05,8.93e-05,8.755e-05,8.624e-05,8.534e-05,8.481e-05,8.463e-05,8.481e-05,8.536e-05,8.63e-05,8.767e-05,8.952e-05,9.195e-05,9.509e-05,9.913e-05,0.0001043,0.0001112,0.0001204,0.0001332,0.000152,0.0001819
8.944e-05,8.732e-05,8.569e-05,8.449e-05,8.367e-05,8.322e-05,8.312e-05,8.337e-05,8.397e-05,8.496e-05,8.637e-05,8.827e-05,9.074e-05,9.391e-05,9.798e-05,0.0001032,0.0001101,0.0001193,0.0001322,0.000151,0.0001809
8.744e-05,8.545e-05,8.393e-05,8.283e-05,8.21e-05,8.172e-05,8.169e-05,8.2e-05,8.266e-05,8.369e-05,8.515e-05,8.708e-05,8.959e-05,9.28e-05,9.689e-05,0.0001022,0.0001091,0.0001183,0.0001312,0.00015,0.0001799
8.556e-05,8.369e-05,8.228e-05,8.126e-05,8.062e-05,8.031e-05,8.034e-05,8.07e-05,8.141e-05,8.249e-05,8.399e-05,8.596e-05,8.85e-05,9.174e-05,9.586e-05,0.0001012,0.0001081,0.0001174,0.0001302,0.0001491,0.000179
8.378e-05,8.203e-05,8.071e-05,7.978e-05,7.921e-05,7.897e-05,7.906e-05,7.948e-05,8.023e-05,8.136e-05,8.289e-05,8.49e-05,8.747e-05,9.073e-05,9.489e-05,0.0001002,0.0001072,0.0001164,0.0001293,0.0001482,0.0001782
8.21e-05,8.045e-05,7.923e-05,7.838e-05,7.788e-05,7.771e-05,7.785e-05,7.831e-05,7.912e-05,8.028e-05,8.185e-05,8.389e-05,8.649e-05,8.978e-05,9.396e-05,9.931e-05,0.0001063,0.0001156,0.0001285,0.0001474,0.0001773
8.05e-05,7.896e-05,7.782e-05,7.705e-05,7.662e-05,7.65e-05,7.67e-05,7.721e-05,7.805e-05,7.925e-05,8.086e-05,8.293e-05,8.555e-05,8.887e-05,9.307e-05,9.844e-05,0.0001054,0.0001147,0.0001277,0.0001466,0.0001766
7.899e-05,7.755e-05,7.649e-05,7.579e-05,7.542e-05,7.536e-05,7.561e-05,7.616e-05,7.704e-05,7.828e-05,7.991e-05,8.201e-05,8.467e-05,8.801e-05,9.223e-05,9.762e-05,0.0001046,0.000114,0.0001269,0.0001458,0.0001758
7.756e-05,7.62e-05,7.523e-05,7.459e-05,7.428e-05,7.427e-05,7.457e-05,7.516e-05,7.608e-05,7.735e-05,7.902e-05,8.114e-05,8.382e-05,8.718e-05,9.143e-05,9.683e-05,0.0001039,0.0001132,0.0001262,0.0001451,0.0001751
7.62e-05,7.493e-05,7.402e-05,7.345e-05,7.32e-05,7.324e-05,7.358e-05,7.421e-05,7.517e-05,7.647e-05,7.816e-05,8.031e-05,8.301e-05,8.64e-05,9.066e-05,9.608e-05,0.0001031,0.0001125,0.0001255,0.0001444,0.0001744
7.491e-05,7.371e-05,7.288e-05,7.237e-05,7.217e-05,7.225e-05,7.263e-05,7.33e-05,7.429e-05,7.562e-05,7.734e-05,7.952e-05,8.224e-05,8.565e-05,8.992e-05,9.537e-05,0.0001024,0.0001118,0.0001248,0.0001437,0.0001738
7.368e-05,7.256e-05,7.179e-05,7.134e-05,7.118e-05,7.131e-05,7.173e-05,7.244e-05,7.346e-05,7.482e-05,7.656e-05,7.876e-05,8.15e-05,8.493e-05,8.922e-05,9.468e-05,0.0001017,0.0001111,0.0001241,0.0001431,0.0001731
7.25e-05,7.145e-05,7.075e-05,7.035e-05,7.024e-05,7.042e-05,7.087e-05,7.161e-05,7.266e-05,7.404e-05,7.581e-05,7.803e-05,8.08e-05,8.424e-05,8.855e-05,9.403e-05,0.0001011,0.0001105,0.0001235,0.0001425,0.0001726
7.138e-05,7.04e-05,6.975e-05,6.941e-05,6.935e-05,6.956e-05,7.005e-05,7.082e-05,7.19e-05,7.331e-05,7.51e-05,7.734e-05,8.012e-05,8.358e-05,8.791e-05,9.34e-05,0.0001005,0.0001099,0.0001229,0.0001419,0.000172
7.032e-05,6.94e-05,6.88e-05,6.851e-05,6.849e-05,6.874e-05,6.926e-05,7.006e-05,7.117e-05,7.26e-05,7.441e-05,7.667e-05,7.947e-05,8.295e-05,8.729e-05,9.279e-05,9.99e-05,0.0001093,0.0001224,0.0001413,0.0001714
6.929e-05,6.844e-05,6.79e-05,6.765e-05,6.767e-05,6.796e-05,6.851e-05,6.934e-05,7.047e-05,7.192e-05,7.376e-05,7.604e-05,7.885e-05,8.234e-05,8.67e-05,9.221e-05,9.933e-05,0.0001088,0.0001218,0.0001408,0.0001709
6.832e-05,6.752e-05,6.703e-05,6.682e-05,6.688e-05,6.72e-05,6.779e-05,6.864e-05,6.98e-05,7.127e-05,7.313e-05,7.542e-05,7.826e-05,8.176e-05,8.613e-05,9.166e-05,9.878e-05,0.0001082,0.0001213,0.0001403,0.0001704
6.738e-05,6.664e-05,6.62e-05,6.603e-05,6.613e-05,6.648e-05,6.709e-05,6.798e-05,6.915e-05,7.065e-05,7.252e-05,7.483e-05,7.768e-05,8.12e-05,8.558e-05,9.112e-05,9.826e-05,0.0001077,0.0001208,0.0001398,0.0001699
6.649e-05,6.58e-05,6.54e-05,6.528e-05,6.541e-05,6.579e-05,6.643e-05,6.734e-05,6.853e-05,7.005e-05,7.194e-05,7.427e-05,7.713e-05,8.066e-05,8.506e-05,9.061e-05,9.776e-05,0.0001072,0.0001203,0.0001393,0.0001694
6.563e-05,6.499e-05,6.464e-05,6.455e-05,6.471e-05,6.513e-05,6.579e-05,6.672e-05,6.794e-05,6.948e-05,7.138e-05,7.373e-05,7.66e-05,8.015e-05,8.455e-05,9.011e-05,9.727e-05,0.0001068,0.0001198,0.0001388,0.000169
6.481e-05,6.422e-05,6.39e-05,6.385e-05,6.405e-05,6.449e-05,6.518e-05,6.613e-05,6.737e-05,6.892e-05,7.084e-05,7.32e-05,7.609e-05,7.965e-05,8.406e-05,8.963e-05,9.68e-05,0.0001063,0.0001194,0.0001384,0.0001685
6.402e-05,6.347e-05,6.32e-05,6.318e-05,6.341e-05,6.388e-05,6.459e-05,6.556e-05,6.682e-05,6.839e-05,7.033e-05,7.27e-05,7.56e-05,7.917e-05,8.36e-05,8.917e-05,9.635e-05,0.0001058,0.0001189,0.000138,0.0001681
6.326e-05,6.276e-05,6.252e-05,6.254e-05,6.279e-05,6.329e-05,6.402e-05,6.501e-05,6.629e-05,6.788e-05,6.983e-05,7.221e-05,7.513e-05,7.87e-05,8.314e-05,8.873e-05,9.591e-05,0.0001054,0.0001185,0.0001376,0.0001677
6.253e-05,6.207e-05,6.187e-05,6.192e-05,6.22e-05,6.272e-05,6.347e-05,6.449e-05,6.578e-05,6.738e-05,6.935e-05,7.174e-05,7.467e-05,7.826e-05,8.271e-05,8.83e-05,9.549e-05,0.000105,0.0001181,0.0001372,0.0001673
6.183e-05,6.141e-05,6.124e-05,6.132e-05,6.163e-05,6.217e-05,6.295e-05,6.398e-05,6.528e-05,6.69e-05,6.888e-05,7.129e-05,7.423e-05,7.783e-05,8.228e-05,8.789e-05,9.509e-05,0.0001046,0.0001177,0.0001368,0.0001669
6.116e-05,6.077e-05,6.064e-05,6.074e-05,6.108e-05,6.164e-05,6.244e-05,6.349e-05,6.481e-05,6.644e-05,6.843e-05,7.086e-05,7.38e-05,7.741e-05,8.188e-05,8.749e-05,9.469e-05,0.0001042,0.0001173,0.0001364,0.0001666
6.051e-05,6.016e-05,6.006e-05,6.019e-05,6.055e-05,6.113e-05,6.195e-05,6.301e-05,6.435e-05,6.6e-05,6.8e-05,7.043e-05,7.339e-05,7.701e-05,8.148e-05,8.71e-05,9.432e-05,0.0001039,0.000117,0.000136,0.0001662
5.988e-05,5.957e-05,5.95e-05,5.966e-05,6.004e-05,6.064e-05,6.148e-05,6.256e-05,6.391e-05,6.557e-05,6.758e-05,7.003e-05,7.299e-05,7.662e-05,8.11e-05,8.673e-05,9.395e-05,0.0001035,0.0001166,0.0001357,0.0001659
5.928e-05,5.9e-05,5.895e-05,5.914e-05,5.954e-05,6.017e-05,6.102e-05,6.212e-05,6.348e-05,6.515e-05,6.718e-05,6.963e-05,7.261e-05,7.624e-05,8.073e-05,8.637e-05,9.359e-05,0.0001031,0.0001163,0.0001353,0.0001655
5.869e-05,5.845e-05,5.843e-05,5.864e-05,5.907e-05,5.971e-05,6.058e-05,6.169e-05,6.307e-05,6.475e-05,6.679e-05,6.925e-05,7.224e-05,7.588e-05,8.037e-05,8.602e-05,9.325e-05,0.0001028,0.0001159,0.000135,0.0001652
5.813e-05,5.791e-05,5.793e-05,5.816e-05,5.861e-05,5.927e-05,6.015e-05,6.128e-05,6.267e-05,6.436e-05,6.641e-05,6.888e-05,7.188e-05,7.553e-05,8.003e-05,8.568e-05,9.292e-05,0.0001025,0.0001156,0.0001347,0.0001649
5.759e-05,5.74e-05,5.744e-05,5.769e-05,5.816e-05,5.884e-05,5.974e-05,6.088e-05,6.228e-05,6.399e-05,6.604e-05,6.853e-05,7.153e-05,7.518e-05,7.969e-05,8.535e-05,9.259e-05,0.0001022,0.0001153,0.0001344,0.0001646
5.707e-05,5.691e-05,5.697e-05,5.724e-05,5.773e-05,5.842e-05,5.934e-05,6.049e-05,6.191e-05,6.362e-05,6.569e-05,6.818e-05,7.119e-05,7.485e-05,7.937e-05,8.503e-05,9.228e-05,0.0001018,0.000115,0.0001341,0.0001643
5.656e-05,5.643e-05,5.651e-05,5.681e-05,5.731e-05,5.802e-05,5.895e-05,6.012e-05,6.154e-05,6.327e-05,6.535e-05,6.784e-05,7.086e-05,7.453e-05,7.905e-05,8.472e-05,9.197e-05,0.0001015,0.0001147,0.0001338,0.000164
5.607e-05,5.596e-05,5.607e-05,5.639e-05,5.691e-05,5.763e-05,5.858e-05,5.975e-05,6.119e-05,6.293e-05,6.501e-05,6.752e-05,7.054e-05,7.422e-05,7.875e-05,8.442e-05,9.168e-05,0.0001013,0.0001144,0.0001335,0.0001637
5.56e-05,5.551e-05,5.564e-05,5.598e-05,5.652e-05,5.726e-05,5.821e-05,5.94e-05,6.085e-05,6.259e-05,6.469e-05,6.72e-05,7.023e-05,7.392e-05,7.845e-05,8.413e-05,9.139e-05,0.000101,0.0001141,0.0001332,0.0001635
5.514e-05,5.508e-05,5.523e-05,5.559e-05,5.614e-05,5.689e-05,5.786e-05,5.906e-05,6.052e-05,6.227e-05,6.437e-05,6.69e-05,6.993e-05,7.362e-05,7.816e-05,8.384e-05,9.111e-05,0.0001007,0.0001139,0.000133,0.0001632
5.469e-05,5.466e-05,5.483e-05,5.52e-05,5.577e-05,5.654e-05,5.752e-05,5.873e-05,6.02e-05,6.196e-05,6.407e-05,6.66e-05,6.964e-05,7.334e-05,7.788e-05,8.357e-05,9.084e-05,0.0001004,0.0001136,0.0001327,0.0001629
5.426e-05,5.425e-05,5.444e-05,5.483e-05,5.541e-05,5.619e-05,5.719e-05,5.841e-05,5.989e-05,6.166e-05,6.377e-05,6.631e-05,6.936e-05,7.306e-05,7.761e-05,8.33e-05,9.058e-05,0.0001002,0.0001133,0.0001325,0.0001627
5.384e-05,5.385e-05,5.407e-05,5.447e-05,5.507e-05,5.586e-05,5.687e-05,5.81e-05,5.958e-05,6.136e-05,6.349e-05,6.603e-05,6.908e-05,7.279e-05,7.735e-05,8.304e-05,9.033e-05,9.992e-05,0.0001131,0.0001322,0.0001624
5.344e-05,5.347e-05,5.37e-05,5.412e-05,5.473e-05,5.554e-05,5.655e-05,5.779e-05,5.929e-05,6.108e-05,6.321e-05,6.575e-05,6.882e-05,7.253e-05,7.709e-05,8.279e-05,9.008e-05,9.968e-05,0.0001129,0.000132,0.0001622
5.305e-05,5.31e-05,5.334e-05,5.378e-05,5.441e-05,5.522e-05,5.625e-05,5.75e-05,5.9e-05,6.08e-05,6.294e-05,6.549e-05,6.856e-05,7.227e-05,7.684e-05,8.254e-05,8.983e-05,9.944e-05,0.0001126,0.0001318,0.000162
5.267e-05,5.274e-05,5.3e-05,5.345e-05,5.409e-05,5.492e-05,5.595e-05,5.721e-05,5.872e-05,6.053e-05,6.267e-05,6.523e-05,6.83e-05,7.203e-05,7.66e-05,8.23e-05,8.96e-05,9.921e-05,0.0001124,0.0001315,0.0001618
5.23e-05,5.239e-05,5.267e-05,5.313e-05,5.378e-05,5.462e-05,5.567e-05,5.693e-05,5.845e-05,6.026e-05,6.241e-05,6.498e-05,6.806e-05,7.178e-05,7.636e-05,8.207e-05,8.937e-05,9.898e-05,0.0001122,0.0001313,0.0001615
5.194e-05,5.204e-05,5.234e-05,5.282e-05,5.348e-05,5.433e-05,5.539e-05,5.666e-05,5.819e-05,6.001e-05,6.216e-05,6.473e-05,6.782e-05,7.155e-05,7.613e-05,8.184e-05,8.915e-05,9.876e-05,0.0001119,0.0001311,0.0001613
5.159e-05,5.171e-05,5.202e-05,5.252e-05,5.319e-05,5.405e-05,5.512e-05,5.64e-05,5.793e-05,5.976e-05,6.192e-05,6.45e-05,6.758e-05,7.132e-05,7.59e-05,8.162e-05,8.893e-05,9.855e-05,0.0001117,0.0001309,0.0001611
5.125e-05,5.139e-05,5.172e-05,5.222e-05,5.291e-05,5.378e-05,5.485e-05,5.614e-05,5.768e-05,5.951e-05,6.168e-05,6.426e-05,6.736e-05,7.11e-05,7.568e-05,8.141e-05,8.871e-05,9.834e-05,0.0001115,0.0001307,0.0001609
